1.52
15.11
13.14
19.15
1.22
21.76
3.65
2.69
6.24
6.15
3.45
6.65
12.55
9.45
7.00
9.25
8.07
0.36
3.06
17.21
2.70
9.60
7.59
6.46
3.31
3.52
2.82
5.72
4.89
5.66
7.27
5.62
5.33
5.25
9.05
6.65
5.69
7.68
1.67
7.56
11.96
3.61
18.75
9.44
14.56
5.17
5.37
0.46
12.96
11.15
16.28
15.88
19.92
1.09
9.62
16.42
7.12
8.31
0.83
16.37
15.75
0.44
0.31
6.32
8.26
9.30
12.21
12.75
8.02
11.04
9.85
2.42
13.36
26.07
4.20
2.93
4.75
15.17
10.67
7.07
6.03
8.02
17.56
2.01
13.18
9.94
14.22
12.03
5.85
6.87
4.33
3.60
19.57
10.90
0.96
8.79
13.54
5.01
6.50
10.37
11.18
5.14
3.65
15.78
9.23
0.71
2.43
10.64
10.59
6.08
18.13
9.26
10.78
3.27
9.18
0.91
20.05
1.59
17.59
7.72
11.35
8.63
3.49
9.69
6.84
15.32
7.09
0.36
0.35
8.17
10.44
15.92
5.60
8.99
16.22
11.41
5.06
12.01
4.60
2.14
5.91
8.71
16.67
2.52
5.22
12.68
10.09
10.41
14.34
4.60
12.06
1.21
6.14
29.91
10.09
12.87
10.03
18.03
6.14
1.96
12.41
17.37
1.93
12.03
5.75
3.68
9.17
6.49
6.80
6.76
3.37
9.80
11.04
3.50
0.26
11.11
7.30
1.05
12.99
4.50
0.67
0.51
11.90
2.33
3.56
11.63
25.01
18.83
6.87
5.14
4.49
19.74
12.40
3.62
16.25
13.10
11.29
9.72
1.36
24.85
8.53
1.80
8.68
6.20
6.93
11.64
6.61
7.13
10.20
9.50
0.58
10.02
6.82
0.43
11.18
2.86
12.33
23.59
6.60
3.91
7.47
5.02
11.57
21.00
1.55
5.48
12.48
7.80
6.55
6.89
19.28
5.82
17.16
6.04
16.46
5.73
0.41
5.04
13.44
11.42
3.66
7.18
9.44
9.09
8.60
14.71
1.91
19.71
11.21
9.21
2.80
21.87
16.26
11.65
10.80
13.06
7.15
3.13
21.78
7.86
6.48
19.13
13.87
5.82
13.68
10.20
9.79
3.15
4.88
1.02
8.60
12.13
3.52
14.00
2.12
1.02
16.84
5.51
3.57
12.21
9.90
5.91
4.22
1.37
3.64
24.56
15.48
9.86
23.86
3.43
7.03
1.24
8.42
12.78
7.19
8.35
10.70
11.29
14.46
0.41
4.93
12.90
17.38
9.30
6.24
3.00
6.13
16.37
11.56
3.40
11.41
1.66
10.50
11.93
0.89
12.61
10.80
9.89
4.68
9.94
1.93
4.73
7.13
8.04
15.86
7.78
11.63
6.36
8.22
0.37
0.37
14.95
15.24
8.49
3.56
1.35
9.49
7.44
11.57
2.71
4.40
12.12
4.76
9.46
7.52
3.96
7.09
7.00
7.96
11.69
9.22
7.97
8.86
7.53
18.50
8.38
6.37
8.60
12.03
8.59
10.14
4.84
3.06
10.78
11.85
3.21
13.59
6.14
4.32
12.09
8.90
3.03
0.49
10.31
6.44
7.12
8.35
5.31
5.84
3.94
4.30
12.52
4.75
6.95
13.97
11.95
8.77
9.49
1.06
9.09
6.59
2.62
16.47
11.33
12.25
25.68
10.36
9.45
4.96
6.65
5.95
4.07
9.03
2.00
6.22
3.53
4.03
4.11
5.07
17.08
0.32
33.99
4.79
4.55
0.59
25.25
10.73
3.10
1.17
28.15
4.74
14.41
18.57
5.08
11.78
28.63
2.52
14.59
15.93
0.31
7.98
4.52
1.61
0.38
19.76
3.96
13.56
3.96
9.26
12.63
4.36
9.73
0.27
5.02
0.95
32.80
15.34
10.83
16.98
0.91
0.70
7.92
6.61
8.07
8.75
14.40
9.96
1.02
5.48
5.14
28.04
10.79
7.39
21.03
2.54
10.11
4.50
6.79
16.73
0.37
14.48
4.15
8.32
13.42
12.83
12.74
3.65
28.87
15.55
13.02
15.35
6.00
0.58
0.59
4.13
23.98
5.41
10.20
0.59
8.78
5.05
5.66
0.55
8.75
26.16
3.90
9.23
10.77
2.91
0.63
1.54
21.49
11.15
3.15
13.27
6.86
0.44
0.31
2.33
30.84
13.70
9.88
0.72
12.18
13.37
8.79
1.00
11.56
22.26
18.41
18.81
12.56
6.44
3.11
16.13
7.78
18.12
13.31
8.62
2.83
33.54
13.84
16.30
5.97
9.96
0.59
12.76
3.37
16.67
12.91
3.68
15.34
5.85
1.15
14.02
20.66
3.30
6.96
4.69
17.39
1.90
11.41
17.99
8.17
9.29
0.79
12.15
1.40
18.49
7.94
4.43
7.44
8.28
20.82
8.49
13.63
1.48
10.16
4.82
0.93
0.69
1.07
18.58
3.89
11.45
8.71
6.80
7.24
13.28
9.45
21.77
9.72
6.28
3.99
7.45
10.47
10.96
12.25
14.46
1.02
10.32
10.03
5.55
8.43
9.08
2.86
5.49
23.06
5.02
14.45
7.11
8.00
6.78
17.38
7.31
7.31
4.36
5.30
0.72
26.39
18.59
10.89
3.27
6.36
11.87
17.97
6.04
5.43
5.75
4.54
17.64
0.77
24.19
10.44
13.53
1.88
11.24
5.42
5.40
13.76
3.81
7.85
3.85
6.50
10.67
7.14
5.74
3.14
8.91
24.00
41.14
12.48
9.12
4.91
8.21
8.46
3.85
11.49
6.77
11.85
14.14
5.30
14.35
0.64
11.57
0.34
20.32
5.97
5.97
0.91
27.27
11.02
6.03
0.46
0.81
8.13
2.31
5.41
15.15
4.82
15.21
3.24
22.06
11.03
0.69
7.20
18.15
12.36
5.08
15.48
1.29
1.10
4.57
17.97
17.82
4.42
15.43
10.28
5.98
0.68
11.88
2.76
8.57
7.04
0.25
0.65
6.82
10.03
11.37
6.73
11.36
7.61
4.99
19.98
8.41
2.34
5.36
8.85
3.26
8.97
5.32
13.26
8.93
2.94
33.98
25.93
11.21
10.70
8.00
18.46
11.31
12.19
0.76
31.01
5.38
7.19
0.45
6.14
0.72
6.25
0.36
8.58
6.58
3.90
6.86
8.24
9.67
19.62
16.50
0.25
0.34
40.09
34.47
1.25
11.41
10.00
8.90
0.66
14.10
12.89
6.74
23.55
37.51
1.25
27.50
5.61
6.05
11.56
5.08
0.41
0.76
5.18
0.88
16.22
26.69
23.98
4.94
10.00
0.96
0.64
3.83
9.98
14.26
3.70
17.67
19.36
13.07
14.91
0.51
0.64
26.01
3.89
18.65
10.08
12.75
7.20
5.32
7.36
8.03
10.85
16.75
5.97
2.04
27.33
19.08
6.79
5.55
7.21
1.23
12.87
0.68
26.31
11.55
11.17
18.82
3.15
5.01
2.96
15.36
4.91
11.99
6.74
9.58
13.58
0.81
10.02
0.43
16.90
5.20
3.61
4.01
14.12
14.94
8.13
5.15
2.72
4.38
11.78
11.41
7.91
6.02
11.51
3.45
9.42
23.42
16.58
9.96
35.15
6.46
7.02
12.10
22.26
1.79
10.63
9.20
6.89
3.18
3.60
6.84
25.97
6.83
8.50
9.99
5.59
12.47
29.99
13.89
0.89
0.50
10.78
7.20
2.84
1.01
4.77
22.44
5.67
14.50
5.24
6.21
15.48
7.80
9.35
23.47
3.13
4.77
24.17
7.28
9.94
12.75
13.98
0.99
6.14
12.92
3.96
7.97
0.59
12.71
8.10
9.09
1.05
11.46
6.01
9.41
8.53
5.95
16.69
4.51
12.83
5.57
2.95
13.53
6.02
0.75
13.44
3.03
2.75
20.78
10.65
3.77
8.74
7.34
17.29
6.98
6.47
4.02
19.68
19.30
14.69
3.27
11.01
0.87
6.81
8.86
3.97
7.25
8.13
14.36
1.83
9.16
1.33
4.14
9.62
10.39
4.08
6.81
9.48
7.43
4.19
5.71
3.61
8.20
11.57
11.70
8.11
3.79
11.84
30.53
2.13
5.60
7.12
12.05
14.10
8.59
2.77
0.68
5.66
0.36
7.45
22.42
13.78
4.27
7.76
19.27
0.73
1.11
10.79
2.10
5.01
16.92
8.28
8.41
10.35
5.18
2.91
19.74
1.20
15.46
12.92
5.66
9.25
27.53
1.11
24.82
7.29
0.63
9.56
8.76
10.02
9.12
10.86
3.15
7.76
11.84
12.46
13.05
2.18
31.57
7.14
3.80
18.55
0.80
4.75
6.44
19.59
7.06
11.20
9.00
5.80
18.89
12.40
0.91
1.11
1.82
16.07
9.33
15.78
16.09
12.00
7.01
10.23
20.91
10.29
6.11
3.44
7.01
0.87
2.45
18.72
4.87
3.63
4.84
10.41
12.55
10.38
16.45
0.90
0.67
11.98
5.48
7.78
9.96
10.53
15.09
10.35
0.39
4.93
2.21
13.73
10.62
1.76
8.58
3.79
6.90
9.21
20.48
4.11
17.60
7.14
8.57
15.19
26.57
16.43
5.98
0.36
9.01
15.53
6.11
14.26
1.28
29.39
18.53
0.71
12.28
14.93
5.45
13.00
6.28
27.43
2.37
15.52
0.44
7.18
23.15
19.29
6.45
3.00
6.77
2.52
15.23
8.21
0.77
11.27
10.42
11.08
14.01
0.34
17.29
5.70
21.85
1.75
9.70
11.54
10.99
7.37
14.84
7.78
14.28
21.24
5.22
6.01
12.88
9.20
5.00
7.14
0.88
22.05
11.86
23.89
0.55
0.58
1.14
4.55
8.28
10.84
3.80
8.79
22.36
1.64
16.66
3.52
12.11
9.19
15.23
12.57
21.20
2.72
0.70
0.37
30.61
6.15
7.94
10.40
0.86
6.50
5.61
13.14
7.70
17.90
15.37
16.81
12.69
10.09
3.27
22.97
9.83
5.41
0.54
1.90
28.72
5.93
5.04
16.44
13.52
7.61
4.17
14.07
7.78
16.33
3.81
11.56
1.90
9.92
4.88
17.78
0.74
0.43
8.49
6.78
9.37
7.61
6.44
22.55
20.78
3.91
4.95
18.16
3.35
5.03
5.11
3.78
1.50
16.83
4.21
9.40
7.36
8.14
9.03
20.61
0.62
16.94
0.53
10.01
9.17
3.15
11.74
7.27
26.73
20.10
0.50
20.47
3.32
11.22
7.31
4.33
12.62
5.75
1.35
29.00
11.59
0.62
0.54
5.96
44.73
1.48
32.12
1.62
8.10
6.63
6.79
6.08
6.96
5.00
12.08
5.69
5.73
23.94
3.33
0.64
12.92
6.54
13.75
13.55
0.61
6.97
4.73
18.93
8.96
0.87
5.25
3.93
21.91
31.98
8.45
5.33
7.92
4.27
5.76
6.90
4.14
19.16
0.96
14.58
15.90
0.69
3.23
16.02
7.92
19.87
8.42
12.66
5.03
2.07
12.77
10.61
5.33
10.76
5.24
5.66
12.16
0.96
23.17
9.51
3.08
14.59
6.37
7.95
13.80
4.30
8.27
20.99
6.65
8.98
0.69
0.50
0.80
13.15
12.51
7.09
13.11
0.54
9.55
8.83
21.83
4.30
6.49
2.10
7.50
8.45
5.53
9.11
8.31
0.96
12.51
12.59
0.41
4.51
12.36
1.06
5.29
3.75
23.06
7.64
1.12
11.63
8.25
5.27
9.39
8.50
15.86
7.34
1.28
15.62
26.26
11.11
21.75
0.61
12.95
9.14
0.52
1.14
0.36
25.01
16.85
10.25
9.94
18.17
7.17
2.69
13.51
17.98
12.00
6.56
9.58
0.74
20.78
0.77
15.77
11.88
7.12
6.92
6.43
3.69
9.10
13.22
4.71
7.71
1.58
7.54
5.10
0.40
9.26
1.29
6.39
30.08
2.97
15.25
19.96
8.31
43.05
20.35
2.31
12.26
10.46
0.67
26.64
1.55
6.90
7.09
6.89
3.31
14.71
6.33
0.45
16.33
9.60
33.47
12.36
16.19
3.03
0.53
1.15
12.21
13.78
3.20
8.29
9.12
5.27
9.60
5.69
32.67
12.22
6.75
7.29
6.66
4.13
12.04
8.16
1.09
8.05
2.00
12.37
3.29
5.19
2.86
7.02
14.47
21.46
0.34
2.73
14.22
6.29
8.13
4.46
3.08
6.78
7.67
6.52
5.38
13.12
3.18
14.92
1.55
27.12
6.75
23.71
8.22
16.73
12.41
6.25
0.24
22.89
10.36
8.65
4.43
1.32
9.16
6.72
16.20
0.58
11.65
7.12
11.25
3.32
3.35
2.25
11.78
5.98
6.07
13.30
1.39
0.41
16.76
13.17
10.95
0.57
4.96
5.09
8.13
6.84
6.39
12.31
25.45
9.86
13.66
20.41
12.78
11.88
21.86
2.41
15.55
4.43
8.01
4.42
10.61
8.72
16.75
1.27
1.98
9.15
6.84
8.71
0.35
0.35
15.47
5.97
14.31
10.07
13.33
1.76
7.09
21.54
14.05
21.12
8.27
8.11
6.89
23.20
13.75
6.36
9.31
6.45
6.55
7.98
2.19
14.42
7.46
5.54
3.39
11.95
4.86
7.12
23.44
10.91
19.43
11.42
10.82
12.20
15.41
11.14
0.70
1.90
11.75
9.35
15.31
13.79
10.40
0.77
11.10
11.85
15.62
12.34
3.68
6.90
21.61
7.80
7.79
8.06
26.57
20.70
0.52
2.54
10.26
2.33
9.64
11.77
6.08
3.89
18.79
5.42
14.73
23.42
14.89
6.71
4.33
6.36
3.61
0.99
3.78
5.58
26.22
7.14
0.64
0.96
8.50
17.20
9.02
16.80
19.99
17.72
1.70
9.12
7.76
1.44
18.45
9.40
8.82
12.49
0.52
23.42
12.86
20.29
6.69
29.47
23.29
0.37
0.40
11.87
3.22
7.69
1.19
1.63
10.91
0.54
19.95
8.32
13.20
7.23
9.32
16.73
20.22
0.36
0.40
0.41
36.66
5.25
16.46
16.62
7.48
20.89
29.53
6.25
0.54
0.41
19.04
2.20
12.03
7.15
14.56
8.70
13.95
4.56
15.20
9.96
6.59
16.56
12.28
0.46
17.22
6.32
7.46
1.68
8.92
14.55
9.71
18.77
8.24
22.06
4.40
18.50
10.66
5.26
17.76
13.49
19.18
4.26
14.49
23.47
2.27
22.70
30.84
10.32
5.54
2.68
1.26
0.87
28.90
16.02
8.32
0.54
0.44
18.21
0.73
11.34
15.17
0.65
6.13
5.65
8.04
8.70
10.59
9.61
1.01
19.29
13.68
5.53
9.02
0.48
3.70
3.07
13.85
13.15
11.95
9.33
5.96
12.64
1.15
7.09
4.66
4.01
1.65
11.26
3.14
12.61
9.53
7.26
6.26
6.01
0.51
22.75
11.80
11.90
10.67
2.86
12.89
11.24
18.88
0.89
0.77
12.76
5.14
9.35
6.80
7.45
0.70
2.75
10.33
8.16
5.73
6.86
15.08
2.49
11.43
8.40
1.33
2.98
3.37
0.75
7.64
5.31
9.78
6.57
6.65
8.01
0.76
21.79
7.87
12.06
9.70
4.70
12.84
2.12
10.14
8.52
24.29
0.56
13.77
8.41
9.23
5.03
2.36
33.19
1.15
19.57
7.57
4.58
0.58
5.15
6.65
5.52
4.44
4.95
11.86
4.55
14.99
27.17
5.96
19.94
3.68
8.13
16.55
13.56
1.28
8.53
5.54
17.76
12.40
7.57
30.92
6.52
3.33
0.55
20.89
0.65
17.11
5.19
14.95
1.66
5.57
2.08
24.17
5.98
8.50
11.15
11.56
7.21
14.18
3.95
6.95
0.53
10.38
7.76
24.12
1.82
13.32
5.13
1.33
24.44
10.41
0.87
5.90
23.45
4.37
17.35
14.17
10.15
11.66
0.86
7.33
4.74
14.54
1.56
4.88
16.99
8.80
3.15
9.34
1.46
6.07
3.55
4.09
5.81
7.16
10.40
7.97
0.68
5.51
4.29
20.50
6.95
6.98
18.63
5.57
5.37
4.82
5.10
6.95
7.23
11.32
6.25
8.07
0.80
4.94
17.98
3.47
3.83
15.73
1.46
9.02
6.14
0.60
2.87
7.39
13.24
18.97
13.51
5.81
2.11
13.06
3.23
12.11
14.08
2.72
13.51
5.01
1.20
8.02
15.04
5.76
19.28
22.02
16.45
9.98
0.83
18.88
27.43
6.82
1.57
41.18
12.69
10.59
9.20
4.33
12.49
24.68
15.03
5.51
11.96
6.66
6.23
10.97
6.86
10.81
5.51
31.90
8.16
10.77
1.43
24.05
19.33
5.38
1.28
3.88
1.48
0.97
24.72
7.40
11.12
8.62
11.36
9.46
0.40
3.66
12.78
3.21
17.81
7.99
0.89
16.39
8.36
12.75
1.16
2.53
15.30
23.44
11.32
14.91
14.91
0.69
16.73
12.93
4.32
7.71
4.85
11.29
0.40
9.95
0.69
13.53
36.11
12.45
3.54
15.53
3.44
9.89
2.89
20.53
3.62
19.66
9.53
13.72
3.74
3.41
15.96
9.26
4.24
5.62
3.35
0.42
1.28
14.98
5.06
7.22
18.00
7.75
